15 0.7940798578623952 0.5953034775803304 0.07399605086698602 0.04983793003504925
15 0.6744870366688424 0.46237369776150306 0.05691814612962076 0.04619321771601525
15 0.795019969825968 0.5907435676276455 0.06026745337449101 0.04974898588932316
15 0.7219021917103193 0.5522259232503177 0.06827546079716568 0.05356528321865269
3 0.5521307482690778 0.5650349663369876 0.4147165629677924 0.11872577212675565
15 0.7298243357035928 0.4792309989238322 0.02902992842443115 0.026186816685541788
15 0.7946627009652495 0.5897680524420559 0.05805990557944111 0.043136320305052434
11 0.2541171624037086 0.40533031249068474 0.2243077687398643 0.20845185441366698
21 0.2541171624037086 0.40533031249068474 0.2243077687398643 0.20845185441366698
11 0.770135729517525 0.6151032667520655 0.20883832920095807 0.23659897214237688
21 0.770135729517525 0.6151032667520655 0.20883832920095807 0.23659897214237688
11 0.2452774504701537 0.21402924000970608 0.038673848591876246 0.021988559913209405
