19 0.2942181030909277 0.3890380859375 0.10355599721274093 0.023085912068684895
3 0.564488927523291 0.7374560435612955 0.37899740537008464 0.139039675394694
15 0.8153515259424804 0.7196028431256672 0.019934892654427088 0.02392578125
21 0.8153515259424804 0.7196028431256672 0.019934892654427088 0.02392578125
17 0.6370686690012696 0.4646214147408838 0.12394205729166667 0.03136459986368819
17 0.3934212128321289 0.3417700131734131 0.1055338382720703 0.027042647202809245
17 0.3903417984644531 0.3341956436634001 0.09180339177447916 0.01983920733133789
17 0.6137858033180176 0.44345002373058756 0.09498043855029296 0.03648632764816081
10 0.30667805671691406 0.4071793556213379 0.1135123570760026 0.049225250879947925
10 0.3194199105103727 0.5117171208063639 0.10656378666558268 0.06891930103300781
3 0.5682649612426758 0.748818357785547 0.39662758509316404 0.19227866331738283
0 0.564173181851709 0.5201627612113932 0.09949866930641275 0.10775456825892578
17 0.39552410443624675 0.3432563543319694 0.11229817072548827 0.022706707318623048
17 0.6271321574846843 0.4613305528958643 0.12963537375133463 0.03467969099680668
3 0.5669433474540853 0.7486751079559407 0.38948563734690755 0.15467119216917316
8 0.3862239519755046 0.47779784599939773 0.042473951975488276 0.08494790395100911
19 0.30367968479791824 0.40326821804046226 0.11299868424732751 0.04648435115813802
11 0.27127636472384115 0.533285657564795 0.10550520817438802 0.07374676068623047
21 0.27127636472384115 0.533285657564795 0.10550520817438802 0.07374676068623047
