17 0.1450145320527866 0.3958410439284036 0.04349164294589172 0.18925952911379076
2 0.1450145320527866 0.3958410439284036 0.04349164294589172 0.18925952911379076
17 0.13903443524792 0.46356452547986077 0.06632445268570464 0.08813518026603262
11 0.28396418140192475 0.5593359366707201 0.30621179957298167 0.3967560892519701
1 0.3163548912971616 0.3734544878420686 0.30187617745368633 0.2831953349320958
11 0.3163548912971616 0.3734544878420686 0.30187617745368633 0.2831953349320958
14 0.49786226309028664 0.39417528069537705 0.1989729571494427 0.24585010694421025
17 0.2585334413370442 0.5631216090658289 0.3174394984154021 0.05648098821222825
16 0.2585334413370442 0.5631216090658289 0.3174394984154021 0.05648098821222825
1 0.29807385365673766 0.3877513719641644 0.2861612526474323 0.32293207230776494
19 0.29807385365673766 0.3877513719641644 0.2861612526474323 0.32293207230776494
14 0.45846018214134554 0.3808586908423387 0.14077068741914012 0.22250849267710937
17 0.6880832113278265 0.3927425353423488 0.15035432463240447 0.037694288336711956
19 0.8545561383484076 0.6178719271784137 0.03626188047372612 0.06339674410611412
1 0.30351613281638334 0.3650759303051444 0.3356827413959753 0.2635479025218784
19 0.3153136915462022 0.45704416606737436 0.14478345737335988 0.27636073983234377
13 0.4014894400432564 0.3382866797239844 0.12175835773442675 0.1884025179821501
19 0.7703682480344347 0.5608406896176631 0.2015246737535032 0.06948164234991508
