19 0.39199999968210936 0.33455120722452775 0.07335241635640626 0.09105796813964583
17 0.39199999968210936 0.33455120722452775 0.07335241635640626 0.09105796813964583
0 0.6019965277777778 0.4757517284817188 0.09697045220269097 0.07004165649413194
3 0.5928190151850347 0.6713003582424478 0.4026172161102257 0.07266667683916665
17 0.35747069782681856 0.325971179538309 0.17556206385296008 0.0619194454616944
17 0.39884720908270616 0.3077914873758924 0.11188888549804259 0.0312972174750417
19 0.36057465606265615 0.3086600621541354 0.02322914865282118 0.07075970967610765
19 0.6317296028137153 0.400861814286974 0.05450089772543403 0.0307340410020625
0 0.5900347232818793 0.4800138897366146 0.10717015796236978 0.09039582146541668
9 0.855128076341428 0.7273732927110416 0.10668839348684894 0.2383889092339236
9 0.3184947835074523 0.5113333384196042 0.17222915755377605 0.09169447157118056
