21 0.9533441861470485 0.7151389016045486 0.07644536760121529 0.22994791666666667
21 0.45720856057274095 0.35920625792610245 0.6283867491616363 0.10152014481524735
11 0.47861284017562933 0.6105607562594966 0.8087985912958767 0.34859444300334025
21 0.2008000430133602 0.40228072272406423 0.3640657100412569 0.5001548492246161
21 0.051164802577760855 0.4503472116258368 0.03900720675786371 0.12309027777777778
21 0.9150542153252604 0.5847239388360069 0.01290363735625001 0.015486102634027787
21 0.7125434080759765 0.6224791632758333 0.3986805280049913 0.5149183576305707
21 0.9394748475816623 0.7035729090372743 0.07632806566028646 0.21827430725097222
21 0.017220529831118058 0.3048675192726939 0.02504409766859462 0.08254513210718749
0 0.5248915089501303 0.3678640683491979 0.1225694550407986 0.08721213870578472
17 0.2715019517474696 0.1999149269527847 0.1355854935116232 0.02313993242051736
11 0.6014670266045355 0.33239357736375 0.17435762617322048 0.028285068935819436
17 0.6014670266045355 0.33239357736375 0.17435762617322048 0.028285068935819436
19 0.6633051236470486 0.4996336830986806 0.14967452155217012 0.19469617207845138
21 0.23304188251495228 0.1813428772820365 0.1662929587894011 0.103382009267808
21 0.6545573075612414 0.34296875794728643 0.1933072937859375 0.08777246408992441
