19 0.6738932397630425 0.5033750110202256 0.1913975609673177 0.19407363467745486
0 0.5180924468570313 0.40500971476237674 0.14685328801475694 0.10023019578721876
19 0.2496484385596397 0.2986928833855538 0.14098612467447913 0.13484236399332986
17 0.7281401952107855 0.4336654451158368 0.11434459686280382 0.09408749474419445
19 0.6807704236772353 0.5238316006130556 0.22650607426957464 0.20646839141845139
19 0.2582469648785069 0.3478541692097917 0.24175259802076388 0.2003725687662639
17 0.25778971115748267 0.22213784323798436 0.10022524992625 0.059467008378770836
19 0.6861979166666666 0.5112048467000174 0.22122393714053817 0.2192586580912083
10 0.20564670032924914 0.25114253362019795 0.13765192031860243 0.08849027421739583
19 0.20564670032924914 0.25114253362019795 0.13765192031860243 0.08849027421739583
19 0.31222221586439236 0.22793923483954512 0.039039929707847226 0.016194449530708335
