0 0.5835158168061677 0.5174323884001303 0.12145753081397086 0.15678625022911372
17 0.7732972037609848 0.7386982539609808 0.027326652345147532 0.02319320027390029
17 0.2479824007849982 0.4858913328407559 0.035425885224571595 0.033398501140436625
19 0.6903003919094916 0.4966925667333659 0.10712761307714184 0.12167349449000978
15 0.3387829793800551 0.33751840799629357 0.013495560858624245 0.012088620262593674
15 0.29875594816129936 0.2987217261450196 0.019323496135410633 0.019679691318426198
17 0.3745641508349822 0.29641559559811015 0.08783575194269107 0.049733788076073655
0 0.5812317827525062 0.5083512560712936 0.1260469492923569 0.133504709074099
3 0.5665250656827586 0.7143841467217497 0.36553501599715604 0.1591788522192571
19 0.7018219113477071 0.5152820377095048 0.1414113619384287 0.1256477800942913
19 0.3283323850065606 0.3574340263458782 0.07984431240003204 0.15056241440362003
17 0.3817886477299911 0.32432241430497394 0.1617337256362851 0.0639159400519811
17 0.6290757294189477 0.4190391025934767 0.11235689176089583 0.04613783492370805
19 0.6789335324761643 0.44676995549306125 0.030330588798115895 0.07108764051808403
0 0.5791877017002488 0.5069892512893613 0.13662640530572343 0.13594265487538287
3 0.5680785872442055 0.7191186372291463 0.3685496276356559 0.12407299749002933
19 0.2900755468993014 0.3032813645527859 0.047190547201333095 0.06302769854543178
15 0.33726608325186636 0.337266869170536 0.015730189632954143 0.01359403479094167
