16 0.33077098925909015 0.5552555123965006 0.20243585109711915 0.19263994693756512
5 0.3258736928304069 0.4039729833602865 0.12298568089804036 0.09468750158945312
15 0.3258736928304069 0.4039729833602865 0.12298568089804036 0.09468750158945312
11 0.3258736928304069 0.4039729833602865 0.12298568089804036 0.09468750158945312
15 0.3293445706367529 0.40240234136582026 0.09816634654999679 0.1019413868586263
11 0.3462091386318262 0.4901578625043294 0.17953481276831376 0.12451823552451173
17 0.28229769070942706 0.4702571630477865 0.12763118743895832 0.11903321743011068
17 0.2798969745636035 0.40444336334864905 0.11177508036296224 0.37065332134565104
17 0.40615234772364905 0.3358157575130469 0.1361002524693685 0.09498015046119791
16 0.33177311221758954 0.530055344104769 0.23374543587367513 0.10726563135781249
5 0.3294030030568506 0.4049739638964356 0.10886979103089515 0.09445963303248699
15 0.3294030030568506 0.4049739638964356 0.10886979103089515 0.09445963303248699
11 0.34738297263781576 0.49963704744975584 0.20252571503322261 0.2321461637814909
17 0.36601790785789223 0.37993360559145345 0.19141473372777015 0.19786752263704752
